541 29.83 25
114 89.28666666666666 44
115 107.98333333333333 34
209 58.91 29
304 142.51 28
305 308.36333333333334 114
305 367.7133333333333 305
305 400.6533333333333 305
305 404.6666666666667 305
304 349.4266666666667 256
304 339.6766666666667 258
304 340.47 256
305 400.17 305
305 113.70333333333333 66
305 181.83333333333334 68
305 338.8066666666667 114
305 341.64 257
304 335.03333333333336 257
305 381.65 305
257 342.81666666666666 257
305 406.05 305
304 340.06333333333333 256
305 396.42333333333335 305
114 91.97666666666667 48
115 91.54333333333334 46
305 210.24666666666667 40
114 66.73 34
305 219.42 28
304 110.24666666666667 68
305 312.20666666666665 115
114 89.03333333333333 46
304 219.14333333333335 38
257 115.29666666666667 66
304 113.69666666666667 66
305 293.95666666666665 114
114 82.67666666666666 43
209 113.44 26
305 298.51666666666665 257
114 76.93333333333334 40
271 229.19666666666666 41
304 103.03666666666666 55
271 216.21 67
271 309.94666666666666 257
305 352.1533333333333 115
305 344.61333333333334 259
257 345.12 257
114 90.58 48
259 234.99333333333334 67
257 261.09 66
257 337.54 257
257 326.28 257
317 415.4433333333333 317
214 293.5733333333333 214
304 119.06666666666666 70
256 242.27666666666667 66
257 329.68666666666667 256
304 114.24333333333334 66
305 308.05 67
306 339.45666666666665 256
209 122.69 69
305 295.55333333333334 66
304 319.32 256
304 326.16 256
305 312.27 114
305 383.8466666666667 304
304 343.06666666666666 256
304 339.82 256
305 338.43666666666667 257
305 388.3333333333333 304
305 336.2033333333333 257
305 395.9066666666667 305
304 339.5966666666667 257
114 71.17 37
163 92.64 48
115 97.37333333333333 41
305 145.96666666666667 31
304 267.9 114
257 291.3333333333333 117
162 112.27 67
257 261.18666666666667 116
304 333.2033333333333 256
114 92.88666666666667 48
304 250.85333333333332 66
304 332.20666666666665 256
305 397.9866666666667 305
162 92.83333333333333 51
114 90.56 48
115 91.79666666666667 40
115 109.35 47
304 127.33 25
305 261.0366666666667 67
304 320.41333333333336 256
305 320.93333333333334 66
304 334.9533333333333 257
305 401.61 305
305 396.6333333333333 305
257 335.8233333333333 256
305 398.6766666666667 305
305 401.13 305
305 343.7366666666667 257
304 345.89 256
305 351.27 257
304 341.83 257
114 82.55666666666667 43
114 95.98 48
154 99.51 33
638 124.62666666666667 37
827 317.71666666666664 67
827 766.6733333333333 638
733 819.5566666666666 637
114 164.29333333333332 114
115 165.04333333333332 114
827 780.0666666666667 638
733 831.6833333333333 638
732 820.5166666666667 638
114 90.97666666666667 48
733 576.62 46
732 767.7666666666667 591
114 163.76 114
115 165.67 114
732 708.7333333333333 591
732 768.0066666666667 591
733 817.7666666666667 638
733 830.5266666666666 638
733 845.1866666666666 637
828 874.8533333333334 638
115 167.63 115
164 164.9 114
163 167.67666666666668 115
164 162.52666666666667 114
210 164.24333333333334 114
164 160.30333333333334 115
164 166.28666666666666 115
353 176.35666666666665 115
306 173.84666666666666 115
306 186.0 115
306 201.05666666666667 115
305 229.04333333333332 115
353 277.63 116
543 287.99333333333334 115
402 380.86 306
543 211.93333333333334 115
353 390.0233333333333 305
353 367.4633333333333 116
353 406.4033333333333 305
353 349.0233333333333 115
353 418.87 305
353 331.59 212
353 412.61333333333334 305
353 317.22 116
353 410.01 305
353 429.2733333333333 305
542 633.4233333333333 542
542 644.7233333333334 542
353 472.7866666666667 353
305 333.05 257
